#.###.####.##.######
#.##..####....######
#.##.######..#######
#.....#####..#######
####..#####..#######
####.........#######
####.######..#######
####.######..#######
####.######..#######
####.######...######
####.######...######
#............1###...
#.##.######..####.##
..##.######..####.##
####.######..#....##
####0######23.....##
##############..#...
###############.####
###############..###
################.###
48
2
2
25
1
4
30
2
2
24
5
3
6
5
3
7
5
2
16
4
5
28
2
5
25
4
2
30
2
2
29
3
2
32
5
4
35
5
4
17
5
1
28
2
4
13
2
1
26
